0 1 0
0.01 0.999987 -0.00397535
0.02 0.999954 -0.00791835
0.03 0.999901 -0.0118292
0.04 0.999829 -0.0157083
0.05 0.999738 -0.0195556
0.06 0.999627 -0.0233716
0.07 0.999498 -0.0271565
0.08 0.99935 -0.0309104
0.09 0.999183 -0.0346336
0.1 0.998997 -0.0383263
0.11 0.998794 -0.0419888
0.12 0.998572 -0.0456213
0.13 0.998332 -0.0492239
0.14 0.998074 -0.052797
0.15 0.997799 -0.0563407
0.16 0.997506 -0.0598552
0.17 0.997195 -0.0633407
0.18 0.996868 -0.0667976
0.19 0.996523 -0.0702259
0.2 0.996161 -0.0736258
0.21 0.995782 -0.0769977
0.22 0.995386 -0.0803416
0.23 0.994974 -0.0836578
0.24 0.994545 -0.0869464
0.25 0.9941 -0.0902077
0.26 0.993639 -0.0934419
0.27 0.993161 -0.0966491
0.28 0.992668 -0.0998296
0.29 0.992159 -0.102983
0.3 0.991635 -0.106111
0.31 0.991094 -0.109212
0.32 0.990539 -0.112288
0.33 0.989968 -0.115337
0.34 0.989382 -0.118361
0.35 0.988781 -0.121359
0.36 0.988165 -0.124332
0.37 0.987534 -0.12728
0.38 0.986889 -0.130203
0.39 0.986229 -0.133101
0.4 0.985555 -0.135974
0.41 0.984866 -0.138823
0.42 0.984164 -0.141648
0.43 0.983447 -0.144448
0.44 0.982716 -0.147225
0.45 0.981972 -0.149978
0.46 0.981214 -0.152707
0.47 0.980442 -0.155412
0.48 0.979657 -0.158095
0.49 0.978859 -0.160754
0.5 0.978048 -0.16339
0.51 0.977223 -0.166003
0.52 0.976385 -0.168594
0.53 0.975535 -0.171162
0.54 0.974672 -0.173707
0.55 0.973796 -0.176231
0.56 0.972907 -0.178732
0.57 0.972007 -0.181211
0.58 0.971094 -0.183668
0.59 0.970168 -0.186104
0.6 0.969231 -0.188518
0.61 0.968281 -0.19091
0.62 0.96732 -0.193282
0.63 0.966347 -0.195632
0.64 0.965362 -0.197961
0.65 0.964366 -0.200269
0.66 0.963358 -0.202557
0.67 0.962339 -0.204824
0.68 0.961309 -0.20707
0.69 0.960268 -0.209297
0.7 0.959215 -0.211502
0.71 0.958151 -0.213688
0.72 0.957077 -0.215854
0.73 0.955992 -0.218
0.74 0.954896 -0.220126
0.75 0.95379 -0.222233
0.76 0.952673 -0.22432
0.77 0.951546 -0.226388
0.78 0.950409 -0.228437
0.79 0.949261 -0.230466
0.8 0.948103 -0.232477
0.81 0.946936 -0.234469
0.82 0.945758 -0.236441
0.83 0.944571 -0.238396
0.84 0.943374 -0.240332
0.85 0.942167 -0.242249
0.86 0.940951 -0.244148
0.87 0.939726 -0.246029
0.88 0.938491 -0.247892
0.89 0.937247 -0.249736
0.9 0.935993 -0.251563
0.91 0.934731 -0.253372
0.92 0.93346 -0.255164
0.93 0.932179 -0.256938
0.94 0.93089 -0.258695
0.95 0.929593 -0.260434
0.96 0.928286 -0.262156
0.97 0.926971 -0.263861
0.98 0.925648 -0.265549
0.99 0.924316 -0.26722
1 0.922976 -0.268874
1.01 0.921628 -0.270511
1.02 0.920271 -0.272132
1.03 0.918907 -0.273737
1.04 0.917534 -0.275325
1.05 0.916154 -0.276896
1.06 0.914766 -0.278452
1.07 0.91337 -0.279991
1.08 0.911967 -0.281514
1.09 0.910556 -0.283022
1.1 0.909137 -0.284513
1.11 0.907711 -0.285989
1.12 0.906278 -0.287449
1.13 0.904838 -0.288893
1.14 0.90339 -0.290322
1.15 0.901935 -0.291736
1.16 0.900474 -0.293134
1.17 0.899005 -0.294518
1.18 0.89753 -0.295886
1.19 0.896047 -0.297239
1.2 0.894558 -0.298577
1.21 0.893063 -0.2999
1.22 0.89156 -0.301208
1.23 0.890052 -0.302502
1.24 0.888537 -0.303781
1.25 0.887015 -0.305046
1.26 0.885487 -0.306296
1.27 0.883953 -0.307532
1.28 0.882413 -0.308754
1.29 0.880867 -0.309962
1.3 0.879315 -0.311155
1.31 0.877757 -0.312334
1.32 0.876193 -0.3135
1.33 0.874624 -0.314651
1.34 0.873048 -0.315789
1.35 0.871467 -0.316913
1.36 0.869881 -0.318024
1.37 0.868289 -0.319121
1.38 0.866691 -0.320204
1.39 0.865088 -0.321275
1.4 0.86348 -0.322331
1.41 0.861867 -0.323375
1.42 0.860248 -0.324406
1.43 0.858624 -0.325423
1.44 0.856996 -0.326427
1.45 0.855362 -0.327419
1.46 0.853723 -0.328397
1.47 0.85208 -0.329363
1.48 0.850432 -0.330316
1.49 0.848779 -0.331257
1.5 0.847121 -0.332185
1.51 0.845459 -0.3331
1.52 0.843792 -0.334003
1.53 0.842121 -0.334894
1.54 0.840445 -0.335772
1.55 0.838765 -0.336639
1.56 0.837081 -0.337493
1.57 0.835392 -0.338335
1.58 0.833699 -0.339165
1.59 0.832003 -0.339983
1.6 0.830302 -0.340789
1.61 0.828597 -0.341583
1.62 0.826888 -0.342366
1.63 0.825175 -0.343137
1.64 0.823459 -0.343897
1.65 0.821739 -0.344644
1.66 0.820015 -0.345381
1.67 0.818287 -0.346106
1.68 0.816556 -0.34682
1.69 0.814821 -0.347522
1.7 0.813083 -0.348213
1.71 0.811342 -0.348894
1.72 0.809597 -0.349563
1.73 0.807848 -0.350221
1.74 0.806097 -0.350868
1.75 0.804342 -0.351504
1.76 0.802584 -0.352129
1.77 0.800823 -0.352744
1.78 0.799059 -0.353348
1.79 0.797292 -0.353941
1.8 0.795523 -0.354524
1.81 0.79375 -0.355096
1.82 0.791974 -0.355658
1.83 0.790196 -0.356209
1.84 0.788415 -0.356751
1.85 0.786631 -0.357281
1.86 0.784844 -0.357802
1.87 0.783055 -0.358312
1.88 0.781264 -0.358813
1.89 0.77947 -0.359303
1.9 0.777674 -0.359783
1.91 0.775875 -0.360254
1.92 0.774074 -0.360714
1.93 0.772271 -0.361165
1.94 0.770465 -0.361606
1.95 0.768657 -0.362038
1.96 0.766847 -0.362459
1.97 0.765035 -0.362871
1.98 0.763221 -0.363274
1.99 0.761406 -0.363667
