0 1 0
0.01 0.99996 -0.0079261 
0.02 0.999841 -0.0157063 
0.03 0.999646 -0.0233427 
0.04 0.999375 -0.0308374 
0.05 0.999029 -0.0381924 
0.06 0.998611 -0.0454097 
0.07 0.998121 -0.0524912 
0.08 0.997561 -0.059439 
0.09 0.996932 -0.0662549 
0.1 0.996236 -0.0729409 
0.11 0.995473 -0.0794988 
0.12 0.994646 -0.0859305 
0.13 0.993755 -0.0922378 
0.14 0.992801 -0.0984225 
0.15 0.991786 -0.104486 
0.16 0.990711 -0.110431 
0.17 0.989578 -0.116259 
0.18 0.988386 -0.121971 
0.19 0.987138 -0.127569 
0.2 0.985835 -0.133054 
0.21 0.984477 -0.138429 
0.22 0.983066 -0.143696 
0.23 0.981603 -0.148854 
0.24 0.980089 -0.153907 
0.25 0.978525 -0.158856 
0.26 0.976912 -0.163701 
0.27 0.975251 -0.168446 
0.28 0.973543 -0.173091 
0.29 0.971789 -0.177637 
0.3 0.96999 -0.182087 
0.31 0.968147 -0.186442 
0.32 0.966262 -0.190702 
0.33 0.964333 -0.19487 
0.34 0.962364 -0.198947 
0.35 0.960354 -0.202934 
0.36 0.958305 -0.206832 
0.37 0.956218 -0.210643 
0.38 0.954093 -0.214369 
0.39 0.95193 -0.21801 
0.4 0.949732 -0.221567 
0.41 0.947499 -0.225043 
0.42 0.945232 -0.228438 
0.43 0.94293 -0.231753 
0.44 0.940596 -0.23499 
0.45 0.938231 -0.238149 
0.46 0.935833 -0.241233 
0.47 0.933406 -0.244242 
0.48 0.930949 -0.247177 
0.49 0.928462 -0.250039 
0.5 0.925948 -0.25283 
0.51 0.923406 -0.255551 
0.52 0.920837 -0.258202 
0.53 0.918242 -0.260785 
0.54 0.915621 -0.263301 
0.55 0.912976 -0.265751 
0.56 0.910306 -0.268135 
0.57 0.907613 -0.270456 
0.58 0.904897 -0.272713 
0.59 0.902159 -0.274909 
0.6 0.899399 -0.277043 
0.61 0.896618 -0.279117 
0.62 0.893816 -0.281131 
0.63 0.890995 -0.283087 
0.64 0.888155 -0.284986 
0.65 0.885296 -0.286829 
0.66 0.882418 -0.288615 
0.67 0.879523 -0.290347 
0.68 0.876611 -0.292025 
0.69 0.873683 -0.29365 
0.7 0.870738 -0.295223 
0.71 0.867778 -0.296744 
0.72 0.864803 -0.298215 
0.73 0.861814 -0.299637 
0.74 0.858811 -0.301009 
0.75 0.855794 -0.302333 
0.76 0.852764 -0.30361 
0.77 0.849722 -0.30484 
0.78 0.846667 -0.306025 
0.79 0.843601 -0.307164 
0.8 0.840524 -0.308259 
0.81 0.837436 -0.30931 
0.82 0.834338 -0.310319 
0.83 0.83123 -0.311285 
0.84 0.828112 -0.31221 
0.85 0.824985 -0.313093 
0.86 0.82185 -0.313937 
0.87 0.818707 -0.314741 
0.88 0.815555 -0.315507 
0.89 0.812396 -0.316234 
0.9 0.809231 -0.316924 
0.91 0.806058 -0.317577 
0.92 0.802879 -0.318193 
0.93 0.799694 -0.318774 
0.94 0.796504 -0.31932 
0.95 0.793308 -0.319831 
0.96 0.790107 -0.320308 
0.97 0.786902 -0.320753 
0.98 0.783692 -0.321164 
0.99 0.780478 -0.321543 
1 0.777261 -0.321891 
1.01 0.77404 -0.322207 
1.02 0.770817 -0.322493 
1.03 0.767591 -0.32275 
1.04 0.764362 -0.322976 
1.05 0.761131 -0.323174 
1.06 0.757898 -0.323343 
1.07 0.754664 -0.323484 
1.08 0.751429 -0.323598 
1.09 0.748192 -0.323685 
1.1 0.744955 -0.323745 
1.11 0.741717 -0.32378 
1.12 0.738479 -0.323789 
1.13 0.735242 -0.323772 
1.14 0.732004 -0.323732 
1.15 0.728767 -0.323667 
1.16 0.725531 -0.323578 
1.17 0.722295 -0.323466 
1.18 0.719061 -0.323331 
1.19 0.715829 -0.323174 
1.2 0.712598 -0.322995 
1.21 0.709369 -0.322794 
1.22 0.706142 -0.322572 
1.23 0.702917 -0.32233 
1.24 0.699695 -0.322066 
1.25 0.696476 -0.321783 
1.26 0.69326 -0.32148 
1.27 0.690046 -0.321158 
1.28 0.686836 -0.320817 
1.29 0.68363 -0.320458 
1.3 0.680427 -0.320081 
1.31 0.677228 -0.319685 
1.32 0.674034 -0.319272 
1.33 0.670843 -0.318843 
1.34 0.667657 -0.318396 
1.35 0.664475 -0.317933 
1.36 0.661298 -0.317454 
1.37 0.658126 -0.316959 
1.38 0.654959 -0.316449 
1.39 0.651797 -0.315923 
1.4 0.64864 -0.315383 
1.41 0.645489 -0.314828 
1.42 0.642344 -0.314259 
1.43 0.639204 -0.313677 
1.44 0.63607 -0.31308 
1.45 0.632943 -0.31247 
1.46 0.629821 -0.311848 
1.47 0.626706 -0.311212 
1.48 0.623597 -0.310564 
1.49 0.620494 -0.309904 
1.5 0.617399 -0.309232 
1.51 0.61431 -0.308548 
1.52 0.611228 -0.307853 
1.53 0.608153 -0.307147 
1.54 0.605085 -0.30643 
1.55 0.602024 -0.305702 
1.56 0.598971 -0.304964 
1.57 0.595925 -0.304215 
1.58 0.592886 -0.303457 
1.59 0.589856 -0.302689 
1.6 0.586833 -0.301912 
1.61 0.583817 -0.301125 
1.62 0.58081 -0.30033 
1.63 0.577811 -0.299525 
1.64 0.57482 -0.298712 
1.65 0.571837 -0.297891 
1.66 0.568862 -0.297062 
1.67 0.565895 -0.296224 
1.68 0.562937 -0.295379 
1.69 0.559988 -0.294527 
1.7 0.557047 -0.293667 
1.71 0.554114 -0.2928 
1.72 0.551191 -0.291926 
1.73 0.548276 -0.291045 
1.74 0.54537 -0.290158 
1.75 0.542473 -0.289265 
1.76 0.539585 -0.288365 
1.77 0.536705 -0.287459 
1.78 0.533835 -0.286547 
1.79 0.530974 -0.28563 
1.8 0.528123 -0.284707 
1.81 0.52528 -0.283779 
1.82 0.522447 -0.282846 
1.83 0.519623 -0.281908 
1.84 0.516809 -0.280965 
1.85 0.514004 -0.280017 
1.86 0.511209 -0.279065 
1.87 0.508423 -0.278108 
1.88 0.505647 -0.277147 
1.89 0.50288 -0.276182 
1.9 0.500123 -0.275213 
1.91 0.497376 -0.274241 
1.92 0.494638 -0.273264 
1.93 0.49191 -0.272285 
1.94 0.489192 -0.271301 
1.95 0.486484 -0.270315 
1.96 0.483786 -0.269325 
1.97 0.481098 -0.268333 
1.98 0.478419 -0.267337 
1.99 0.475751 -0.266339 
 
