0.01 0.99996 -0.00792635
0.02 0.999842 -0.0157068
0.03 0.999647 -0.0233435
0.04 0.999376 -0.0308384
0.05 0.99903 -0.0381936
0.06 0.998612 -0.0454111
0.07 0.998123 -0.0524929
0.08 0.997563 -0.0594409
0.09 0.996934 -0.066257
0.1 0.996238 -0.0729432
0.11 0.995476 -0.0795013
0.12 0.994648 -0.0859332
0.13 0.993757 -0.0922407
0.14 0.992804 -0.0984256
0.15 0.991789 -0.10449
0.16 0.990715 -0.110435
0.17 0.989581 -0.116262
0.18 0.98839 -0.121975
0.19 0.987142 -0.127573
0.2 0.985839 -0.133059
0.21 0.984481 -0.138434
0.22 0.98307 -0.1437
0.23 0.981607 -0.148859
0.24 0.980094 -0.153912
0.25 0.97853 -0.15886
0.26 0.976917 -0.163706
0.27 0.975256 -0.168451
0.28 0.973548 -0.173096
0.29 0.971794 -0.177643
0.3 0.969995 -0.182093
0.31 0.968153 -0.186447
0.32 0.966267 -0.190708
0.33 0.964339 -0.194876
0.34 0.96237 -0.198953
0.35 0.96036 -0.20294
0.36 0.958311 -0.206838
0.37 0.956224 -0.21065
0.38 0.954098 -0.214375
0.39 0.951936 -0.218016
0.4 0.949738 -0.221574
0.41 0.947505 -0.22505
0.42 0.945238 -0.228444
0.43 0.942937 -0.23176
0.44 0.940603 -0.234997
0.45 0.938237 -0.238156
0.46 0.93584 -0.24124
0.47 0.933412 -0.244249
0.48 0.930955 -0.247184
0.49 0.928469 -0.250047
0.5 0.925954 -0.252838
0.51 0.923412 -0.255558
0.52 0.920843 -0.25821
0.53 0.918248 -0.260793
0.54 0.915628 -0.263309
0.55 0.912982 -0.265759
0.56 0.910313 -0.268143
0.57 0.90762 -0.270464
0.58 0.904904 -0.272721
0.59 0.902166 -0.274917
0.6 0.899406 -0.277051
0.61 0.896625 -0.279125
0.62 0.893823 -0.281139
0.63 0.891002 -0.283096
0.64 0.888162 -0.284994
0.65 0.885302 -0.286837
0.66 0.882425 -0.288624
0.67 0.87953 -0.290355
0.68 0.876618 -0.292034
0.69 0.87369 -0.293659
0.7 0.870745 -0.295231
0.71 0.867785 -0.296753
0.72 0.86481 -0.298224
0.73 0.861821 -0.299645
0.74 0.858818 -0.301017
0.75 0.855801 -0.302342
0.76 0.852771 -0.303619
0.77 0.849728 -0.304849
0.78 0.846674 -0.306033
0.79 0.843608 -0.307173
0.8 0.840531 -0.308267
0.81 0.837443 -0.309319
0.82 0.834345 -0.310327
0.83 0.831236 -0.311293
0.84 0.828119 -0.312218
0.85 0.824992 -0.313102
0.86 0.821857 -0.313946
0.87 0.818713 -0.31475
0.88 0.815562 -0.315516
0.89 0.812403 -0.316243
0.9 0.809237 -0.316932
0.91 0.806065 -0.317585
0.92 0.802886 -0.318202
0.93 0.799701 -0.318783
0.94 0.79651 -0.319328
0.95 0.793314 -0.31984
0.96 0.790113 -0.320317
0.97 0.786908 -0.320761
0.98 0.783698 -0.321173
0.99 0.780485 -0.321552
1 0.777267 -0.3219
1.01 0.774047 -0.322216
1.02 0.770823 -0.322502
1.03 0.767597 -0.322758
1.04 0.764368 -0.322985
1.05 0.761137 -0.323182
1.06 0.757905 -0.323351
1.07 0.75467 -0.323493
1.08 0.751435 -0.323607
1.09 0.748198 -0.323693
1.1 0.744961 -0.323754
1.11 0.741723 -0.323788
1.12 0.738485 -0.323797
1.13 0.735247 -0.323781
1.14 0.73201 -0.32374
1.15 0.728773 -0.323675
1.16 0.725536 -0.323586
1.17 0.722301 -0.323474
1.18 0.719067 -0.32334
1.19 0.715834 -0.323182
1.2 0.712603 -0.323003
1.21 0.709374 -0.322802
1.22 0.706147 -0.32258
1.23 0.702923 -0.322338
1.24 0.699701 -0.322074
1.25 0.696481 -0.321791
1.26 0.693265 -0.321488
1.27 0.690052 -0.321166
1.28 0.686842 -0.320825
1.29 0.683635 -0.320466
1.3 0.680432 -0.320088
1.31 0.677234 -0.319693
1.32 0.674039 -0.31928
1.33 0.670848 -0.31885
1.34 0.667662 -0.318404
1.35 0.66448 -0.317941
1.36 0.661303 -0.317461
1.37 0.658131 -0.316967
1.38 0.654964 -0.316456
1.39 0.651802 -0.315931
1.4 0.648645 -0.31539
1.41 0.645494 -0.314836
1.42 0.642348 -0.314267
1.43 0.639209 -0.313684
1.44 0.636075 -0.313087
1.45 0.632947 -0.312478
1.46 0.629825 -0.311855
1.47 0.62671 -0.311219
1.48 0.623601 -0.310571
1.49 0.620499 -0.309911
1.5 0.617403 -0.309239
1.51 0.614314 -0.308555
1.52 0.611232 -0.30786
1.53 0.608157 -0.307154
1.54 0.605089 -0.306437
1.55 0.602028 -0.305709
1.56 0.598975 -0.304971
1.57 0.595929 -0.304222
1.58 0.59289 -0.303464
1.59 0.589859 -0.302696
1.6 0.586836 -0.301918
1.61 0.583821 -0.301132
1.62 0.580814 -0.300336
1.63 0.577814 -0.299532
1.64 0.574823 -0.298719
1.65 0.57184 -0.297897
1.66 0.568865 -0.297068
1.67 0.565899 -0.296231
1.68 0.562941 -0.295386
1.69 0.559991 -0.294533
1.7 0.55705 -0.293673
1.71 0.554117 -0.292806
1.72 0.551194 -0.291932
1.73 0.548279 -0.291051
1.74 0.545373 -0.290164
1.75 0.542476 -0.289271
1.76 0.539587 -0.288371
1.77 0.536708 -0.287465
1.78 0.533838 -0.286553
1.79 0.530977 -0.285636
1.8 0.528125 -0.284713
1.81 0.525283 -0.283785
1.82 0.52245 -0.282852
1.83 0.519626 -0.281914
1.84 0.516811 -0.28097
1.85 0.514006 -0.280023
1.86 0.511211 -0.27907
1.87 0.508425 -0.278114
1.88 0.505649 -0.277153
1.89 0.502882 -0.276188
1.9 0.500125 -0.275219
1.91 0.497378 -0.274246
1.92 0.49464 -0.27327
1.93 0.491912 -0.27229
1.94 0.489194 -0.271306
1.95 0.486486 -0.27032
1.96 0.483788 -0.26933
1.97 0.4811 -0.268338
1.98 0.478421 -0.267342
1.99 0.475753 -0.266344
